160,136,16257,1,0
255,136,16757,2,0,B|296:160|296:212,1,80,0|2
264,292,17757,1,0
356,264,18257,2,0,B|380:304|432:304,2,80,0|0|2
352,168,19757,5,0
288,96,20257,1,0
200,56,20757,2,0,B|200:136,1,80,0|2
200,232,21757,1,0
104,232,22257,2,0,B|104:68,1,160,2|0
292,112,24257,5,0
196,112,24757,2,0,B|140:116|120:160,1,80,0|2
76,228,25757,1,0
172,224,26257,2,0,B|220:288,1,80,0|2
284,216,27257,2,0,B|364:260,1,80,0|2
440,212,28257,5,0
404,124,28757,1,0
324,72,29257,2,0,B|260:48|200:76,2,120,0|0|2
360,160,31257,1,8
172,192,32257,5,0
268,192,32757,2,0,B|268:288,2,80,0|2|0
332,120,34257,1,0
396,192,34757,2,0,B|396:280,2,80,0|2|0
332,120,36257,6,0,B|332:28,2,80,0|0|2
236,120,37757,1,0
140,120,38257,2,0,B|140:280,1,160,0|2
328,320,40257,6,0,B|412:320,2,80,0|0|2
292,232,41757,1,0
220,168,42257,5,0
132,128,42757,1,2
200,60,43257,1,0
288,100,43757,1,2
220,168,44257,6,0,B|220:252,1,80,0|2
312,276,45257,2,0,B|380:340,2,80
256,92,47257,6,0,B|168:116,1,80
88,144,48257,1,4
140,328,49257,2,0,B|232:312,1,80,0|0
252,224,50257,1,8
340,52,51257,6,0,B|420:108,1,80,0|0
405,194,52257,1,2
220,244,53257,2,0,B|220:160,1,80
220,68,54257,1,8
92,212,55257,6,0,B|48:196|24:160,1,80
108,112,56257,1,2
208,276,57257,2,0,B|252:288|280:332,1,80
340,252,58257,1,8
320,60,59257,6,0,B|292:104|256:116,1,80
172,148,60257,1,2
352,216,61257,2,0,B|296:216|264:244,1,80
244,272,62007,2,0,B|164:272,1,80
200,132,63257,6,0,B|200:44,2,80,0|0|4
312,252,65257,2,0,B|312:336,2,80,0|0|8
312,60,67257,6,0,B|312:144,2,80,0|0|2
220,228,69257,2,0,B|168:300,2,80,0|0|8
408,192,71257,6,0,B|316:192,2,80,0|0|2
220,156,73257,2,0,B|168:84,2,80,0|0|8
352,296,75257,2,0,B|440:296,2,80,0|0|2
256,132,77257,6,0,B|208:136|176:156,1,80,8|0
252,216,78257,2,0,B|288:256|332:264,1,80,4|0
348,168,79257,6,0,B|388:132|388:84,1,80,0|8
292,84,80257,1,4
312,260,84257,6,0,B|264:260|228:228,1,80
156,184,85257,1,2
60,184,85757,1,0
108,100,86257,2,0,B|136:68|172:56,2,80,0|0|2
108,196,87757,5,0
108,292,88257,2,0,B|136:324|172:336,1,80
269,336,89257,2,0,B|306:323|334:291,1,80,2|0
256,236,90257,2,0,B|212:216|172:240,1,80
96,188,91257,1,2
252,76,92257,5,2
156,76,92757,2,0,B|196:152,1,80,0|2
236,232,93757,1,0
332,232,94257,6,0,B|372:208|384:160,1,80,2|0
340,84,95257,1,2
244,84,95757,1,0
288,168,96257,2,0,B|288:260,1,80,2|8
192,248,97257,2,0,B|192:328,2,80
192,56,99257,5,8
192,152,99757,2,0,B|288:152,1,80,0|4
368,152,100757,1,0
320,236,101257,1,8
224,236,101757,2,0,B|144:236,1,80
188,320,102757,5,0
284,320,103257,1,8
380,320,103757,2,0,B|424:308|452:260,2,80
348,228,105257,5,8
256,196,105757,1,0
168,160,106257,2,0,B|124:172|96:220,1,80
36,276,107257,5,8
132,308,107757,2,0,B|224:308,1,80,0|4
308,308,108757,1,0
280,216,109257,5,8
372,240,109757,2,0,B|420:228|444:180,1,80
356,140,110757,2,0,B|344:92|304:76,1,80,0|8
252,156,111757,2,0,B|204:152|176:200,1,80
152,280,112757,5,0
88,208,113257,1,8
88,112,113757,1,0
136,112,114007,2,0,B|160:76|212:68,1,80,0|8
332,132,115257,5,8
376,216,115757,1,0
332,300,116257,2,0,B|248:300,1,80,4|0
184,232,117257,6,0,B|260:180,2,80,8|0|0
88,232,118757,1,0
124,144,119257,6,0,B|80:136|52:96,1,80,8|0
136,48,120257,1,4
232,48,120757,1,0
328,48,121257,6,0,B|328:136,1,80,8|0
236,156,122257,2,0,B|288:224,2,80,0|0|8
140,156,123757,6,0,B|88:224,1,80,0|4
144,300,124757,1,0
240,300,125257,2,0,B|336:300,1,80,8|0
320,204,126257,6,0,B|232:204,1,80
144,204,127257,2,0,B|144:288,2,80,8|0|0
144,108,128757,1,0
216,44,129257,6,0,B|260:48|296:88,1,80,8|0
348,152,130257,2,0,B|360:193|318:236,1,80,4|0
236,200,131257,2,0,B|200:224|204:284,1,80,8|0
280,328,132257,1,4
112,144,147257,5,8
140,236,147757,1,0
212,300,148257,2,0,B|244:336|296:336,1,80,4|0
312,244,149257,6,0,B|280:208|228:208,1,80,8|0
184,132,150257,1,0
212,40,150757,1,0
280,108,151257,6,0,B|368:108,2,80,8|0|0
280,204,152757,1,0
184,204,153257,2,0,B|184:292,2,80,8|0|0
184,108,154757,1,0
88,108,155257,6,0,B|88:200,1,80,8|0
88,284,156257,2,0,B|116:316|164:324,1,80,4|0
212,244,157257,2,0,B|256:240|296:212,2,80,8|0|0
212,148,158757,1,0
212,52,159257,6,0,B|256:56|296:84,1,80,8|0
352,148,160257,1,4
420,216,160757,1,0
376,300,161257,6,0,B|340:328|300:336,1,80,8|0
268,304,162007,2,0,B|236:272|192:264,1,80,0|8
256,132,163257,6,0,B|196:56,1,80,8|0
164,156,164257,2,0,B|128:245,1,80,4|0
232,224,165257,6,0,B|327:210,1,80,8|0
408,200,166257,1,0
352,124,166757,1,0
268,80,167257,5,8
172,80,167757,2,0,B|172:168,1,80
92,212,168757,1,0
172,264,169257,6,0,B|236:324,1,80,8|0
324,332,170257,1,0
396,268,170757,1,0
320,208,171257,6,0,B|228:208,2,80,8|8|4
320,112,172757,1,0
224,112,173257,6,0,B|144:64,1,80,8|0
104,152,174257,1,0
104,248,174757,1,0
200,248,175257,5,8
200,152,175757,2,0,B|200:60,2,80
296,152,177257,6,0,B|340:160|368:204,1,80,8|0
277,240,178257,2,0,B|304:272|312:316,1,80
220,340,179257,1,8
180,252,179757,1,0
256,192,180257,12,0,184257