2170,468.75,4,2,0,40,1,0
4045,-100,4,2,0,30,0,0
4162,-100,4,2,0,40,0,0
5920,-100,4,2,0,30,0,0
6037,-100,4,2,0,40,0,0
7795,-100,4,2,0,30,0,0
7912,-100,4,2,0,40,0,0
9670,-100,4,2,0,40,0,0
9787,-100,4,2,0,50,0,0
11545,-100,4,2,0,40,0,0
11662,-100,4,2,0,50,0,0
13420,-100,4,2,0,40,0,0
13537,-100,4,2,0,50,0,0
15295,-100,4,2,0,40,0,0
15412,-100,4,2,0,50,0,0
17170,-100,4,2,0,40,0,0
17287,-100,4,2,0,50,0,0
19045,-100,4,2,0,40,0,0
19162,-100,4,2,0,50,0,0
20920,-100,4,2,0,40,0,0
21037,-100,4,2,0,50,0,0
22795,-100,4,2,0,40,0,0
22912,-100,4,2,0,50,0,0
24670,-100,4,2,0,70,0,0
53732,-100,4,2,0,40,0,0
54670,-100,4,2,0,80,0,1
55138,-100,4,2,0,60,0,1
55255,-100,4,2,0,80,0,1
56076,-100,4,2,0,60,0,1
56193,-100,4,2,0,80,0,1
57013,-100,4,2,0,60,0,1
57130,-100,4,2,0,80,0,1
57951,-100,4,2,0,60,0,1
58068,-100,4,2,0,80,0,1
58888,-100,4,2,0,60,0,1
59005,-100,4,2,0,80,0,1
59826,-100,4,2,0,60,0,1
59943,-100,4,2,0,80,0,1
60763,-100,4,2,0,60,0,1
60880,-100,4,2,0,80,0,1
61701,-100,4,2,0,60,0,1
61818,-100,4,2,0,80,0,1
62638,-100,4,2,0,60,0,1
62755,-100,4,2,0,80,0,1
63576,-100,4,2,0,60,0,1
63693,-100,4,2,0,80,0,1
64513,-100,4,2,0,60,0,1
64630,-100,4,2,0,80,0,1
65451,-100,4,2,0,60,0,1
65568,-100,4,2,0,80,0,1
66388,-100,4,2,0,60,0,1
66505,-100,4,2,0,80,0,1
68263,-100,4,2,0,60,0,1
68380,-100,4,2,0,80,0,1
69201,-100,4,2,0,60,0,1
69318,-100,4,2,0,80,0,1
69670,-100,4,2,0,70,0,0
84670,-100,4,2,0,70,0,0
97560,-100,4,2,0,70,0,0
97795,-100,4,2,0,30,0,0
98966,-100,4,2,0,70,0,0
113732,-100,4,2,0,40,0,0
114670,-100,4,2,0,80,0,1
115138,-100,4,2,0,60,0,1
115255,-100,4,2,0,80,0,1
116076,-100,4,2,0,60,0,1
116193,-100,4,2,0,80,0,1
117013,-100,4,2,0,60,0,1
117130,-100,4,2,0,80,0,1
117951,-100,4,2,0,60,0,1
118068,-100,4,2,0,80,0,1
118888,-100,4,2,0,60,0,1
119005,-100,4,2,0,80,0,1
119826,-100,4,2,0,60,0,1
119943,-100,4,2,0,80,0,1
120763,-100,4,2,0,60,0,1
120880,-100,4,2,0,80,0,1
121701,-100,4,2,0,60,0,1
121818,-100,4,2,0,80,0,1
122638,-100,4,2,0,60,0,1
122755,-100,4,2,0,80,0,1
123576,-100,4,2,0,60,0,1
123693,-100,4,2,0,80,0,1
124513,-100,4,2,0,60,0,1
124630,-100,4,2,0,80,0,1
125451,-100,4,2,0,60,0,1
125568,-100,4,2,0,80,0,1
126388,-100,4,2,0,60,0,1
126505,-100,4,2,0,80,0,1
128263,-100,4,2,0,60,0,1
128380,-100,4,2,0,80,0,1
129201,-100,4,2,0,60,0,1
129318,-100,4,2,0,80,0,1
129670,-100,4,2,0,40,0,0
144670,-100,4,2,0,50,0,0
159670,-100,4,2,0,40,0,0
163420,-100,4,2,0,45,0,0
163888,-100,4,2,0,50,0,0
164357,-100,4,2,0,55,0,0
164826,-100,4,2,0,60,0,0
165295,-100,4,2,0,65,0,0
165763,-100,4,2,0,70,0,0
166232,-100,4,2,0,40,0,0
167170,-100,4,2,0,80,0,1
167638,-100,4,2,0,60,0,1
167755,-100,4,2,0,80,0,1
168576,-100,4,2,0,60,0,1
168693,-100,4,2,0,80,0,1
169513,-100,4,2,0,60,0,1
169630,-100,4,2,0,80,0,1
170451,-100,4,2,0,60,0,1
170568,-100,4,2,0,80,0,1
171388,-100,4,2,0,60,0,1
171505,-100,4,2,0,80,0,1
172326,-100,4,2,0,60,0,1
172443,-100,4,2,0,80,0,1
173263,-100,4,2,0,60,0,1
173380,-100,4,2,0,80,0,1
174201,-100,4,2,0,60,0,1
174318,-100,4,2,0,80,0,1
175138,-100,4,2,0,60,0,1
175255,-100,4,2,0,80,0,1
176076,-100,4,2,0,60,0,1
176193,-100,4,2,0,80,0,1
177013,-100,4,2,0,60,0,1
177130,-100,4,2,0,80,0,1
177951,-100,4,2,0,60,0,1
178068,-100,4,2,0,80,0,1
178888,-100,4,2,0,60,0,1
179005,-100,4,2,0,80,0,1
180763,-100,4,2,0,60,0,1
180880,-100,4,2,0,80,0,1
180998,-100,4,2,0,80,0,0
181701,-100,4,2,0,60,0,0
181935,-100,4,2,0,80,0,0
182170,-100,4,2,0,80,0,1
182638,-100,4,2,0,60,0,1
182755,-100,4,2,0,80,0,1
183576,-100,4,2,0,60,0,1
183693,-100,4,2,0,80,0,1
184513,-100,4,2,0,60,0,1
184630,-100,4,2,0,80,0,1
185451,-100,4,2,0,60,0,1
185568,-100,4,2,0,80,0,1
186388,-100,4,2,0,60,0,1
186505,-100,4,2,0,80,0,1
187326,-100,4,2,0,60,0,1
187443,-100,4,2,0,80,0,1
188263,-100,4,2,0,60,0,1
188380,-100,4,2,0,80,0,1
189201,-100,4,2,0,60,0,1
189318,-100,4,2,0,80,0,1
190138,-100,4,2,0,60,0,1
190255,-100,4,2,0,80,0,1
191076,-100,4,2,0,60,0,1
191193,-100,4,2,0,80,0,1
192013,-100,4,2,0,60,0,1
192130,-100,4,2,0,80,0,1
192951,-100,4,2,0,60,0,1
193068,-100,4,2,0,80,0,1
193888,-100,4,2,0,60,0,1
194005,-100,4,2,0,80,0,1
195295,-100,4,2,0,50,0,1
195529,-100,4,2,0,52,0,1
195763,-100,4,2,0,56,0,1
195998,-100,4,2,0,60,0,1
196232,-100,4,2,0,64,0,1
196466,-100,4,2,0,68,0,1
196701,-100,4,2,0,72,0,1
197170,-100,4,2,0,80,0,0
197873,-100,4,2,0,60,0,0
197990,-100,4,2,0,80,0,0
198576,-100,4,2,0,60,0,0
199045,-100,4,2,0,80,0,0
199279,-100,4,2,0,60,0,0
199630,-100,4,2,0,80,0,0
200216,-100,4,2,0,60,0,0
200334,-100,4,2,0,80,0,0
201623,-100,4,2,0,60,0,0
201740,-100,4,2,0,80,0,0
202326,-100,4,2,0,60,0,0
202443,-100,4,2,0,80,0,0
203029,-100,4,2,0,60,0,0
203498,-100,4,2,0,80,0,0
203966,-100,4,2,0,60,0,0
204201,-100,4,2,0,80,0,0
205373,-100,4,2,0,60,0,0
205490,-100,4,2,0,80,0,0
206076,-100,4,2,0,60,0,0
206545,-100,4,2,0,80,0,0
206779,-100,4,2,0,60,0,0
207130,-100,4,2,0,80,0,0
207716,-100,4,2,0,60,0,0
207951,-100,4,2,0,80,0,0
209123,-100,4,2,0,60,0,0
209240,-100,4,2,0,80,0,0
209826,-100,4,2,0,60,0,0
209943,-100,4,2,0,80,0,0
210529,-100,4,2,0,60,0,0
210880,-100,4,2,0,80,0,0
211232,-100,4,2,0,60,0,0
211701,-100,4,2,0,70,0,0
212170,-100,4,2,0,80,0,0
212873,-100,4,2,0,60,0,0
212990,-100,4,2,0,80,0,0
213576,-100,4,2,0,60,0,0
214045,-100,4,2,0,80,0,0
214279,-100,4,2,0,60,0,0
214630,-100,4,2,0,80,0,0
215216,-100,4,2,0,60,0,0
215451,-100,4,2,0,80,0,0
216623,-100,4,2,0,60,0,0
216740,-100,4,2,0,80,0,0
217326,-100,4,2,0,60,0,0
217443,-100,4,2,0,80,0,0
218029,-100,4,2,0,60,0,0
218498,-100,4,2,0,80,0,0
218732,-100,4,2,0,50,0,0
219670,-100,4,2,0,70,0,0
220138,-100,4,2,0,65,0,0
220373,-100,4,2,0,45,0,0
220490,-100,4,2,0,65,0,0
220607,-100,4,2,0,60,0,0
220841,-100,4,2,0,35,0,0
221076,-100,4,2,0,35,0,0
221545,-100,4,2,0,50,0,0
221779,-100,4,2,0,30,0,0
222013,-100,4,2,0,25,0,0
222130,-100,4,2,0,40,0,0
222482,-100,4,2,0,40,0,0
222716,-100,4,2,0,20,0,0
222951,-100,4,2,0,15,0,0
223420,-100,4,2,0,30,0,0
224357,-100,4,2,0,25,0,0
225295,-100,4,2,0,20,0,0
226232,-100,4,2,0,15,0,0
226701,-100,4,2,0,10,0,0
227170,-100,4,2,0,5,0,0
